cutie:
  x: 5.4278276123405874e-06
  y: 5.61731908992958e-07
  yaw: 3.17191582275236e-05
  z: 2.9797555699007534e-06
