cutie:
  x: 2.0099095090803996e-06
  y: 7.273919994657607e-07
  yaw: 2.2062454055223684e-05
  z: 2.372778249389679e-06
gate:
  x: 1
  y: 1
  yaw: 1
  z: 1
gman:
  x: 0.1860032644413502
  y: 0.03687552869038905
  yaw: 0.1652918959460941
  z: 0.002831387902227743
