cutie:
  x: 2.0099095090803996e-06
  y: 7.273919994657607e-07
  yaw: 2.2062454055223684e-05
  z: 2.372778249389679e-06

gate:
  x: 1
  y: 1
  yaw: 1
  z: 1

